<type>初始化,初始化</type><content>1.0,1.0,1.0,0.0,0.0,0.0,0.0,0.0,0.0,0.0,0.0,0.0,0.0,0.0,0.0,0.0,0.0,0.0,0.0,0.0,0.0,比色法,0,</content>
<type>注射泵加液体,注射泵加液体</type><content>1.0,1.0,1.0,0.0,1.0,0.0,1.0,0.0,0.0,0.0,0.0,0.0,0.0,0.0,0.0,0.0,0.0,0.0,0.0,0.0,1.0,0.0,0.0,0.0,0.0,0.0,0.0,0.0,0.0,0.0,0.0,0.0,0.0,0.0,0.0,0.0,0.0,0.0,0.0,0.0,0.0,0,2,2,20,4.5,10,20,4,10,,7,2,2,20,0.0,10,20,4,10,10,1,,,,,</content>
<type>注射泵加液体,加标液1</type><content>1.0,0.0,1.0,0.0,1.0,0.0,1.0,0.0,0.0,0.0,0.0,0.0,0.0,0.0,0.0,0.0,0.0,0.0,0.0,0.0,1.0,0.0,0.0,0.0,0.0,0.0,0.0,0.0,0.0,0.0,0.0,0.0,0.0,0.0,0.0,0.0,0.0,0.0,0.0,0.0,0.0,1,2,2,20,4.5,10,20,4,10,,7,2,2,20,0.0,10,20,4,10,10,1,,,,,</content>
<type>注射泵加液体,-加标液1</type><content>1.0,0.0,1.0,0.0,1.0,0.0,1.0,0.0,0.0,0.0,0.0,0.0,0.0,0.0,0.0,0.0,0.0,0.0,0.0,0.0,1.0,0.0,0.0,0.0,0.0,0.0,0.0,0.0,0.0,0.0,0.0,0.0,0.0,0.0,0.0,0.0,0.0,0.0,0.0,0.0,0.0,1,2,2,20,4.5,10,20,4,10,,7,2,2,20,0.0,10,20,4,10,10,1,,,,,</content>
<type>注射泵加液体,加样品</type><content>1.0,0.0,1.0,0.0,1.0,0.0,1.0,0.0,0.0,0.0,0.0,0.0,0.0,0.0,0.0,0.0,0.0,0.0,0.0,0.0,1.0,0.0,0.0,0.0,0.0,0.0,0.0,0.0,0.0,0.0,0.0,0.0,0.0,0.0,0.0,0.0,0.0,0.0,0.0,0.0,0.0,2,2,2,20,4.5,10,20,4,10,,7,2,2,20,0.0,10,20,4,10,10,1,,,,,</content>
<type>注射泵加液体,加样品2</type><content>1.0,0.0,1.0,0.0,1.0,0.0,1.0,0.0,0.0,0.0,0.0,0.0,0.0,0.0,0.0,0.0,0.0,0.0,0.0,0.0,1.0,0.0,0.0,0.0,0.0,0.0,0.0,0.0,0.0,0.0,0.0,0.0,0.0,0.0,0.0,0.0,0.0,0.0,0.0,0.0,0.0,2,2,2,20,4.5,10,20,4,10,,7,2,2,20,0.0,10,20,4,10,10,1,,,,,</content>
<type>注射泵加液体,加试剂1</type><content>1.0,0.0,1.0,0.0,1.0,0.0,1.0,0.0,0.0,0.0,0.0,0.0,0.0,0.0,0.0,0.0,0.0,0.0,0.0,0.0,1.0,0.0,0.0,0.0,0.0,0.0,0.0,0.0,0.0,0.0,0.0,0.0,0.0,0.0,0.0,0.0,0.0,0.0,0.0,0.0,0.0,3,2,2,20,4.5,10,20,4,10,,7,2,2,20,0.0,10,20,4,10,10,1,,,,,</content>
<type>注射泵加液体,-加试剂1</type><content>1.0,0.0,1.0,0.0,1.0,0.0,1.0,0.0,0.0,0.0,0.0,0.0,0.0,0.0,0.0,0.0,0.0,0.0,0.0,0.0,1.0,0.0,0.0,0.0,0.0,0.0,0.0,0.0,0.0,0.0,0.0,0.0,0.0,0.0,0.0,0.0,0.0,0.0,0.0,0.0,0.0,3,2,2,20,4.5,10,20,4,10,,7,2,2,20,0.0,10,20,4,10,10,1,,,,,</content>
<type>注射泵加液体,加试剂3</type><content>1.0,0.0,1.0,0.0,1.0,0.0,1.0,0.0,0.0,0.0,0.0,0.0,0.0,0.0,0.0,0.0,0.0,0.0,0.0,0.0,1.0,0.0,0.0,0.0,0.0,0.0,0.0,0.0,0.0,0.0,0.0,0.0,0.0,0.0,0.0,0.0,0.0,0.0,0.0,0.0,0.0,5,2,2,20,4.5,10,20,4,10,,7,2,2,20,0.0,10,20,4,10,10,1,,,,,</content>
<type>注射泵加液体,-加试剂3</type><content>1.0,0.0,1.0,0.0,1.0,0.0,1.0,0.0,0.0,0.0,0.0,0.0,0.0,0.0,0.0,0.0,0.0,0.0,0.0,0.0,1.0,0.0,0.0,0.0,0.0,0.0,0.0,0.0,0.0,0.0,0.0,0.0,0.0,0.0,0.0,0.0,0.0,0.0,0.0,0.0,0.0,5,2,2,20,4.5,10,20,4,10,,7,2,2,20,0.0,10,20,4,10,10,1,,,,,</content>
<type>注射泵加液体,加纯水</type><content>0.0,1.0,1.0,0.0,1.0,1.0,1.0,0.0,0.0,0.0,0.0,0.0,0.0,0.0,0.0,0.0,0.0,0.0,0.0,1.0,0.0,0.0,0.0,0.0,0.0,0.0,0.0,0.0,0.0,0.0,0.0,0.0,0.0,0.0,0.0,0.0,1.0,0.0,0.0,0.0,0.0,5,2,2,20,4.5,10,20,4,10,,0,2,2,20,0.0,10,20,4,10,10,1,,,,,</content>
<type>注射泵加液体,排空2</type><content>1.0,1.0,1.0,0.0,1.0,0.0,1.0,0.0,0.0,0.0,0.0,0.0,0.0,0.0,0.0,0.0,0.0,0.0,0.0,0.0,1.0,0.0,0.0,0.0,0.0,0.0,0.0,0.0,0.0,0.0,0.0,0.0,0.0,0.0,0.0,0.0,1.0,0.0,0.0,0.0,0.0,0,2,2,20,4.5,10,20,4,10,,7,2,2,20,0.0,10,20,4,10,10,1,,,,,</content>
<type>注射泵加液体,加纯水2</type><content>0.0,1.0,1.0,0.0,1.0,1.0,1.0,0.0,0.0,0.0,0.0,0.0,0.0,0.0,0.0,0.0,0.0,0.0,0.0,1.0,0.0,0.0,0.0,0.0,0.0,0.0,0.0,0.0,0.0,0.0,0.0,0.0,0.0,0.0,0.0,0.0,1.0,0.0,0.0,0.0,0.0,0,2,2,20,4.5,10,20,4,10,,0,2,2,20,0.0,10,20,4,10,10,1,,,,,</content>
<type>注射泵加液体,注射泵加液体</type><content>1.0,1.0,1.0,0.0,1.0,0.0,1.0,0.0,0.0,0.0,0.0,0.0,0.0,0.0,0.0,0.0,0.0,0.0,0.0,0.0,1.0,0.0,0.0,0.0,0.0,0.0,0.0,0.0,0.0,0.0,0.0,0.0,0.0,0.0,0.0,0.0,0.0,0.0,0.0,0.0,0.0,0,2,2,20,4.5,10,20,4,10,,7,2,2,20,0.0,10,20,4,10,10,1,,,,,</content>
<type> , </type><content> </content>
<type> , </type><content> </content>
<type> , </type><content> </content>
<type> , </type><content> </content>
<type> , </type><content> </content>
<type> , </type><content> </content>
<type> , </type><content> </content>
<type> , </type><content> </content>
<type> , </type><content> </content>
<type> , </type><content> </content>
<type> , </type><content> </content>
<type> , </type><content> </content>
<type> , </type><content> </content>
<type> , </type><content> </content>
<type> , </type><content> </content>
<type> , </type><content> </content>
<type> , </type><content> </content>
<type> , </type><content> </content>
<type> , </type><content> </content>
<type> , </type><content> </content>
<type> , </type><content> </content>
<type> , </type><content> </content>
<type> , </type><content> </content>
<type> , </type><content> </content>
<type> , </type><content> </content>
<type> , </type><content> </content>
<type> , </type><content> </content>
<type> , </type><content> </content>
<type> , </type><content> </content>
<type> , </type><content> </content>
<type> , </type><content> </content>
<type> , </type><content> </content>
<type> , </type><content> </content>
<type> , </type><content> </content>
