<type>初始化,初始化</type><content>1.0,1.0,1.0,0.0,0.0,0.0,0.0,0.0,0.0,0.0,0.0,0.0,0.0,0.0,0.0,0.0,0.0,0.0,0.0,0.0,0.0,比色法,0,</content>
<type>注射泵加液体,排空</type><content>1.0,1.0,1.0,0.0,1.0,0.0,1.0,0.0,0.0,0.0,0.0,0.0,0.0,0.0,0.0,0.0,0.0,0.0,0.0,0.0,1.0,0.0,0.0,0.0,0.0,0.0,0.0,0.0,0.0,0.0,0.0,0.0,0.0,0.0,0.0,0.0,0.0,0.0,0.0,0.0,0.0,0,2,2,20,4,10,20,4,10,,7,2,2,20,0.0,10,20,4,10,10,1,</content>
<type>注射泵加液体,润洗</type><content>1.0,0.0,1.0,0.0,1.0,1.0,1.0,0.0,0.0,0.0,1.0,0.0,0.0,0.0,0.0,0.0,0.0,0.0,0.0,0.0,1.0,0.0,0.0,0.0,0.0,0.0,0.0,0.0,0.0,0.0,0.0,0.0,0.0,0.0,0.0,0.0,1.0,0.0,0.0,0.0,0.0,2,2,2,25,4.5,10,20,4,10,,0,2,2,20,0.0,10,20,4,10,1,6,</content>
<type>注射泵加液体,排空2</type><content>1.0,1.0,1.0,0.0,1.0,0.0,1.0,0.0,0.0,0.0,0.0,0.0,0.0,0.0,0.0,0.0,0.0,0.0,0.0,0.0,1.0,0.0,0.0,0.0,0.0,0.0,0.0,0.0,0.0,0.0,0.0,0.0,0.0,0.0,0.0,0.0,1.0,0.0,0.0,0.0,0.0,0,2,2,25,4.5,10,20,4,10,,7,2,2,20,0.0,10,20,4,10,1,6,</content>
<type>注射泵加液体,排空3</type><content>1.0,1.0,1.0,0.0,1.0,0.0,1.0,0.0,0.0,0.0,0.0,0.0,0.0,0.0,0.0,0.0,0.0,0.0,0.0,0.0,1.0,0.0,0.0,0.0,0.0,0.0,0.0,0.0,0.0,0.0,0.0,0.0,0.0,0.0,0.0,0.0,1.0,0.0,0.0,0.0,0.0,0,2,2,25,4.5,10,20,4,10,,7,2,2,20,0.0,10,20,4,10,1,6,</content>
<type>注射泵加液体,加试剂1</type><content>1.0,0.0,1.0,0.0,1.0,1.0,1.0,0.0,1.0,0.0,0.0,0.0,0.0,0.0,0.0,0.0,0.0,0.0,0.0,0.0,0.0,0.0,0.0,0.0,0.0,0.0,0.0,0.0,0.0,0.0,0.0,0.0,0.0,0.0,0.0,0.0,1.0,0.0,0.0,0.0,0.0,3,2,2,25,0.5,10,20,4,10,,0,2,2,25,0.0,10,20,4,10,1,3,</content>
<type>注射泵加液体,加样品</type><content>1.0,0.0,1.0,0.0,1.0,1.0,1.0,0.0,0.0,0.0,0.0,0.0,0.0,0.0,0.0,0.0,0.0,0.0,0.0,0.0,0.0,0.0,0.0,0.0,0.0,0.0,0.0,0.0,0.0,0.0,0.0,0.0,0.0,0.0,0.0,0.0,1.0,0.0,0.0,0.0,0.0,2,2,2,25,3.0,10,20,4,10,,0,2,2,25,0.0,10,20,4,10,1,3,</content>
<type>注射泵加液体,排空管路2</type><content>1.0,0.0,1.0,0.0,1.0,1.0,1.0,0.0,0.0,0.0,0.0,0.0,0.0,0.0,0.0,0.0,0.0,0.0,0.0,0.0,1.0,0.0,0.0,0.0,0.0,0.0,0.0,0.0,0.0,0.0,0.0,0.0,0.0,0.0,0.0,0.0,1.0,0.0,0.0,0.0,0.0,6,2,2,25,4.0,10,20,4,10,,0,2,2,25,0.0,10,20,4,10,3,1,</content>
<type>读取信号,读e1</type><content>E1,1,180,300,20,</content>
<type>注射泵加液体,加显色剂</type><content>1.0,0.0,1.0,0.0,1.0,1.0,1.0,0.0,0.0,0.0,0.0,0.0,0.0,0.0,0.0,0.0,0.0,0.0,0.0,0.0,0.0,0.0,0.0,0.0,0.0,0.0,0.0,0.0,0.0,0.0,0.0,0.0,0.0,0.0,0.0,0.0,1.0,0.0,0.0,0.0,0.0,5,2,2,25,0.5,10,20,4,10,,0,2,2,25,0.0,10,20,4,10,3,1,</content>
<type>注射泵加液体,排空管路3</type><content>1.0,0.0,1.0,0.0,1.0,1.0,1.0,0.0,0.0,0.0,0.0,0.0,0.0,0.0,0.0,0.0,0.0,0.0,0.0,0.0,0.0,0.0,0.0,0.0,0.0,0.0,0.0,0.0,0.0,0.0,0.0,0.0,0.0,0.0,0.0,0.0,1.0,0.0,0.0,0.0,0.0,6,2,2,25,4.5,10,20,4,10,,0,2,2,25,0.0,10,20,4,10,3,1,</content>
<type>读取信号,读e2</type><content>E2,1,180,300,10,</content>
<type>计算,计算</type><content>0.0,0.0,1.0,1.0,0,0,0,0,0,对数,1,核查,,10,1,0.05,</content>
<type>注射泵加液体,排空4</type><content>1.0,1.0,1.0,0.0,1.0,0.0,1.0,0.0,0.0,0.0,0.0,0.0,0.0,0.0,0.0,0.0,0.0,0.0,0.0,0.0,1.0,0.0,0.0,0.0,0.0,0.0,0.0,0.0,0.0,0.0,0.0,0.0,0.0,0.0,0.0,0.0,1.0,0.0,0.0,0.0,0.0,0,2,2,25,4.5,10,20,4,10,,7,2,2,25,0.0,10,20,4,10,1,3,</content>
<type>注射泵加液体,排空5</type><content>1.0,1.0,1.0,0.0,1.0,0.0,1.0,0.0,0.0,0.0,0.0,0.0,0.0,0.0,0.0,0.0,0.0,0.0,0.0,0.0,1.0,0.0,0.0,0.0,0.0,0.0,0.0,0.0,0.0,0.0,0.0,0.0,0.0,0.0,0.0,0.0,0.0,0.0,0.0,0.0,0.0,0,2,2,25,4.5,10,20,4,10,,7,2,2,25,0.0,0,20,4,10,1,3,</content>
<type>注射泵加液体,清洗2</type><content>0.0,1.0,1.0,0.0,1.0,1.0,1.0,0.0,0.0,0.0,0.0,0.0,0.0,0.0,0.0,0.0,0.0,0.0,0.0,1.0,0.0,0.0,0.0,0.0,0.0,0.0,0.0,0.0,0.0,0.0,0.0,0.0,0.0,0.0,0.0,0.0,1.0,0.0,0.0,0.0,0.0,3,2,2,25,4.0,10,20,4,10,,0,2,2,25,0.0,10,20,4,10,1,3,</content>
<type>注射泵加液体,排空2</type><content>1.0,1.0,1.0,0.0,1.0,0.0,1.0,0.0,0.0,0.0,0.0,0.0,0.0,0.0,0.0,0.0,0.0,0.0,0.0,0.0,1.0,0.0,0.0,0.0,0.0,0.0,0.0,0.0,0.0,0.0,0.0,0.0,0.0,0.0,0.0,0.0,1.0,0.0,0.0,0.0,0.0,0,2,2,25,4.5,10,20,4,10,,7,2,2,25,0.0,10,20,4,10,1,3,</content>
<type>注射泵加液体,排空7</type><content>1.0,1.0,1.0,0.0,1.0,0.0,1.0,0.0,0.0,0.0,0.0,0.0,0.0,0.0,0.0,0.0,0.0,0.0,0.0,0.0,1.0,0.0,0.0,0.0,0.0,0.0,0.0,0.0,0.0,0.0,0.0,0.0,0.0,0.0,0.0,0.0,1.0,0.0,0.0,0.0,0.0,0,2,2,25,4.5,10,20,4,10,,7,2,2,25,0.0,10,20,4,10,1,3,</content>
<type> , </type><content> </content>
<type> , </type><content> </content>
<type> , </type><content> </content>
<type> , </type><content> </content>
<type> , </type><content> </content>
<type> , </type><content> </content>
<type> , </type><content> </content>
<type> , </type><content> </content>
<type> , </type><content> </content>
<type> , </type><content> </content>
<type> , </type><content> </content>
<type> , </type><content> </content>
<type> , </type><content> </content>
<type> , </type><content> </content>
<type> , </type><content> </content>
<type> , </type><content> </content>
<type> , </type><content> </content>
<type> , </type><content> </content>
<type> , </type><content> </content>
<type> , </type><content> </content>
<type> , </type><content> </content>
<type> , </type><content> </content>
<type> , </type><content> </content>
<type> , </type><content> </content>
<type> , </type><content> </content>
<type> , </type><content> </content>
<type> , </type><content> </content>
<type> , </type><content> </content>
<type> , </type><content> </content>
<type> , </type><content> </content>
